0 0.295 0.5200296735905044 0.5633333333333334 0.5830860534124629
0 0.6783333333333333 0.4577151335311573 0.21833333333333332 0.4258160237388724
0 0.8279166666666666 0.45252225519287836 0.1175 0.31750741839762614
0 0.93 0.42655786350148367 0.09333333333333334 0.25370919881305637
0 0.9733333333333334 0.39985163204747776 0.04833333333333333 0.23293768545994065
1 0.38916666666666666 0.6958456973293768 0.04833333333333333 0.22255192878338279
1 0.51 0.6624629080118695 0.04 0.18545994065281898
1 0.765 0.6038575667655787 0.04833333333333333 0.12759643916913946
1 0.8225 0.5526706231454006 0.02666666666666667 0.13204747774480713
1 0.8633333333333333 0.5356083086053413 0.023333333333333334 0.11275964391691394
1 0.9341666666666667 0.5103857566765578 0.023333333333333334 0.09198813056379822
1 0.9575 0.4977744807121662 0.021666666666666667 0.09347181008902077
