0 0.45064935064935063 0.7702078521939953 0.812987012987013 0.44110854503464203
0 0.5493506493506494 0.6986143187066974 0.6623376623376623 0.279445727482679
0 0.6058441558441559 0.6524249422632794 0.6506493506493507 0.25635103926096997
0 0.6467532467532467 0.6224018475750578 0.6181818181818182 0.23787528868360278
0 0.698051948051948 0.5762124711316398 0.5467532467532468 0.21939953810623555
0 0.7571428571428571 0.5496535796766744 0.4831168831168831 0.22632794457274827
0 0.06038961038961039 0.4745958429561201 0.12077922077922078 0.21939953810623555
0 0.10649350649350649 0.45496535796766746 0.15844155844155844 0.21247113163972287
0 0.20974025974025973 0.4515011547344111 0.15974025974025974 0.17782909930715934
0 0.2590909090909091 0.4295612009237875 0.17012987012987013 0.16628175519630484
0 0.3025974025974026 0.42032332563510394 0.17662337662337663 0.16166281755196305
0 0.38571428571428573 0.41916859122401845 0.1012987012987013 0.14549653579676675
0 0.43896103896103894 0.4064665127020785 0.07792207792207792 0.13856812933025403
0 0.4876623376623377 0.4006928406466513 0.06363636363636363 0.11778290993071594
0 0.5194805194805194 0.3903002309468822 0.04415584415584416 0.10623556581986143
0 0.55 0.3903002309468822 0.09220779220779221 0.11547344110854503
0 0.6136363636363636 0.39260969976905313 0.05844155844155844 0.12471131639722864
0 0.6357142857142857 0.384526558891455 0.06883116883116883 0.11778290993071594
0 0.6707792207792208 0.384526558891455 0.05844155844155844 0.10854503464203233
0 0.6863636363636364 0.3729792147806005 0.05844155844155844 0.08545034642032333
0 0.7396103896103896 0.35450346420323325 0.09480519480519481 0.10392609699769054
0 0.7824675324675324 0.34872979214780603 0.03506493506493506 0.09699769053117784
0 0.8045454545454546 0.3464203233256351 0.04025974025974026 0.09699769053117784
0 0.8253246753246753 0.34757505773672054 0.045454545454545456 0.09006928406466513
0 0.8487012987012987 0.3406466512702079 0.03766233766233766 0.08545034642032333
0 0.8668831168831169 0.3418013856812933 0.03766233766233766 0.08314087759815242
0 0.8896103896103896 0.3394919168591224 0.02857142857142857 0.06928406466512702
0 0.9097402597402597 0.33371824480369516 0.03766233766233766 0.07159353348729793
0 0.938961038961039 0.3302540415704388 0.01818181818181818 0.06466512702078522
0 0.9564935064935065 0.33140877598152424 0.024675324675324677 0.057736720554272515
0 0.9720779220779221 0.3244803695150115 0.02987012987012987 0.053117782909930716
0 0.05714285714285714 0.3083140877598152 0.11168831168831168 0.08083140877598152
0 0.11168831168831168 0.2967667436489607 0.08571428571428572 0.08545034642032333
0 0.16103896103896104 0.3094688221709007 0.023376623376623377 0.06928406466512702
0 0.18376623376623377 0.3083140877598152 0.02987012987012987 0.07159353348729793
0 0.2012987012987013 0.29907621247113164 0.03116883116883117 0.08545034642032333
0 0.22467532467532467 0.2979214780600462 0.02857142857142857 0.06466512702078522
0 0.24935064935064935 0.30138568129330257 0.033766233766233764 0.06235565819861432
0 0.2837662337662338 0.3002309468822171 0.04025974025974026 0.06466512702078522
0 0.312987012987013 0.2956120092378753 0.03116883116883117 0.06004618937644342
0 0.33506493506493507 0.2967667436489607 0.02077922077922078 0.07159353348729793
1 0.23246753246753246 0.9272517321016166 0.09090909090909091 0.13163972286374134
1 0.6545454545454545 0.9330254041570438 0.08051948051948052 0.11547344110854503
1 0.012987012987012988 0.5415704387990762 0.01818181818181818 0.09468822170900693
1 0.7357142857142858 0.3856812933025404 0.01948051948051948 0.04157043879907621
