0 0.3525 0.6592 0.49 0.6496
0 0.757 0.672 0.104 0.3104
1 0.2735 0.8776 0.05 0.168
1 0.4775 0.8624 0.059 0.176
1 0.42525 0.8912 0.0455 0.1088
2 0.21725 0.7792 0.0625 0.3424
3 0.21 0.704 0.021 0.0512
3 0.50925 0.4816 0.0235 0.048
3 0.49075 0.4824 0.0145 0.0432
3 0.4805 0.4736 0.021 0.0416
3 0.4595 0.48 0.024 0.0384
3 0.4355 0.4728 0.019 0.0368
3 0.39375 0.4768 0.0145 0.0352
3 0.385 0.4752 0.021 0.0448
3 0.372 0.4712 0.021 0.0368
3 0.0805 0.6952 0.011 0.0368
3 0.09075 0.6944 0.0055 0.0416
3 0.101 0.7176 0.01 0.0304
3 0.117 0.6896 0.014 0.0416
3 0.05575 0.6856 0.0135 0.0336
3 0.037 0.696 0.01 0.0256
3 0.0155 0.6792 0.011 0.0432
3 0.01625 0.7088 0.0155 0.0416
3 0.61775 0.6528 0.0155 0.0384
