0 0.7866766467065869 0.602017937219731 0.4086826347305389 0.4147982062780269
1 0.8645209580838323 0.7410313901345291 0.0344311377245509 0.12331838565022421
1 0.9603293413173652 0.6894618834080718 0.025449101796407185 0.08295964125560538
3 0.023952095808383235 0.6917040358744395 0.02694610778443114 0.04708520179372197
3 0.04341317365269461 0.6603139013452914 0.020958083832335328 0.04708520179372197
3 0.0531437125748503 0.7096412556053812 0.02844311377245509 0.0515695067264574
3 0.09281437125748503 0.6816143497757847 0.020958083832335328 0.04035874439461883
3 0.14895209580838323 0.6782511210762332 0.019461077844311378 0.03811659192825112
3 0.3937125748502994 0.6468609865470852 0.014970059880239521 0.02914798206278027
3 0.38772455089820357 0.6311659192825112 0.020958083832335328 0.033632286995515695
3 0.35479041916167664 0.6266816143497758 0.02694610778443114 0.03811659192825112
3 0.2986526946107784 0.6513452914798207 0.025449101796407185 0.033632286995515695
3 0.26122754491017963 0.6737668161434978 0.02844311377245509 0.033632286995515695
3 0.22679640718562874 0.647982062780269 0.02245508982035928 0.03139013452914798
3 0.6107784431137725 0.6233183856502242 0.011976047904191617 0.03139013452914798
3 0.6347305389221557 0.6143497757847534 0.014970059880239521 0.03139013452914798
3 0.5890718562874252 0.6233183856502242 0.02245508982035928 0.03139013452914798
3 0.5643712574850299 0.6177130044843049 0.017964071856287425 0.02914798206278027
3 0.5426646706586826 0.6210762331838565 0.019461077844311378 0.03587443946188341
3 0.5269461077844312 0.625560538116592 0.011976047904191617 0.026905829596412557
3 0.5179640718562875 0.6311659192825112 0.017964071856287425 0.033632286995515695
3 0.5014970059880239 0.6278026905829597 0.017964071856287425 0.03139013452914798
3 0.7597305389221557 0.452914798206278 0.02844311377245509 0.04035874439461883
3 0.7088323353293413 0.4495515695067265 0.02245508982035928 0.033632286995515695
3 0.6931137724550899 0.44730941704035876 0.014970059880239521 0.03811659192825112
3 0.6706586826347305 0.4428251121076233 0.020958083832335328 0.04708520179372197
