0 0.7780963302752294 0.54638124362895 0.4415137614678899 0.4831804281345566
0 0.4544151376146789 0.5122324159021406 0.30676605504587157 0.2945973496432212
0 0.2838302752293578 0.5142711518858308 0.10321100917431193 0.24566768603465852
0 0.20814220183486237 0.5188583078491336 0.07110091743119266 0.199796126401631
0 0.1625573394495413 0.5147808358817533 0.02809633027522936 0.1712538226299694
0 0.1381880733944954 0.5117227319062182 0.02522935779816514 0.1529051987767584
0 0.12069954128440367 0.5107033639143731 0.025802752293577983 0.14475025484199797
0 0.10091743119266056 0.508664627930683 0.02408256880733945 0.11824668705402651
0 0.08113532110091744 0.5107033639143731 0.01548165137614679 0.11824668705402651
0 0.06737385321100918 0.509683995922528 0.020068807339449542 0.10805300713557595
0 0.05389908256880734 0.508664627930683 0.014908256880733946 0.08970438328236494
0 0.04472477064220184 0.508664627930683 0.011467889908256881 0.09378185524974515
0 0.03153669724770642 0.5056065239551478 0.017201834862385322 0.0835881753312946
0 0.020355504587155963 0.508664627930683 0.013188073394495414 0.08154943934760449
0 0.010894495412844037 0.5015290519877675 0.01261467889908257 0.07339449541284404
0 0.005160550458715597 0.5066258919469928 0.009174311926605505 0.07951070336391437
1 0.875 0.7003058103975535 0.06307339449541284 0.16309887869520898
1 0.4673165137614679 0.6146788990825688 0.05389908256880734 0.10601427115188583
2 0.9552752293577982 0.5565749235474006 0.0768348623853211 0.39143730886850153
