0 0.469797 0.335351 0.786483 0.644068
2 0.614533 0.460048 0.096292 0.322034
2 0.298445 0.446126 0.075359 0.289346
1 0.507775 0.560533 0.078947 0.176755
1 0.225179 0.524818 0.060407 0.158596
3 0.786483 0.603511 0.089713 0.163438
3 0.390251 0.593220 0.085526 0.167070
3 0.355562 0.325666 0.077153 0.147700
3 0.173146 0.487893 0.095096 0.227603
3 0.494019 0.127119 0.027512 0.050847
3 0.468301 0.115012 0.023923 0.046005
3 0.428529 0.125908 0.031699 0.043584
3 0.383672 0.133172 0.020933 0.036320
3 0.356758 0.137409 0.030502 0.052058
3 0.329545 0.130145 0.017943 0.047215
3 0.312201 0.131961 0.023923 0.033898
3 0.282297 0.148305 0.019139 0.037530
3 0.247608 0.133777 0.021531 0.039952
3 0.204545 0.144673 0.017943 0.044794
3 0.169557 0.150121 0.024522 0.046005
3 0.138158 0.141041 0.023923 0.042373