3 0.836423 0.260291 0.028110 0.065375
3 0.378888 0.280872 0.036483 0.075061
3 0.333134 0.277845 0.039474 0.090799
3 0.292464 0.271186 0.032297 0.067797
3 0.272129 0.223366 0.021531 0.052058
3 0.242524 0.299031 0.043660 0.092010
3 0.226974 0.189467 0.020933 0.037530
3 0.198565 0.288136 0.038278 0.067797
3 0.164773 0.273002 0.043660 0.090799
3 0.133373 0.253027 0.047847 0.079903
3 0.039773 0.345642 0.042464 0.093220
1 0.793959 0.364407 0.061603 0.145278
1 0.741926 0.359564 0.073565 0.133172
1 0.421651 0.469734 0.080144 0.167070
0 0.488038 0.350484 0.796651 0.608959