0 0.5637065637065637 0.5201388888888889 0.6841698841698842 0.7763888888888889
1 0.5683397683397683 0.7708333333333334 0.07104247104247104 0.21944444444444444
1 0.8324324324324325 0.7048611111111112 0.03861003861003861 0.13194444444444445
2 0.4517374517374517 0.6604166666666667 0.122007722007722 0.43472222222222223
3 0.6737451737451737 0.3701388888888889 0.022393822393822392 0.05138888888888889
3 0.6297297297297297 0.36736111111111114 0.02084942084942085 0.043055555555555555
3 0.5934362934362934 0.3597222222222222 0.023938223938223938 0.044444444444444446
3 0.5281853281853282 0.3541666666666667 0.020077220077220077 0.04722222222222222
3 0.4957528957528958 0.35694444444444445 0.01698841698841699 0.03611111111111111
3 0.37374517374517374 0.54375 0.02471042471042471 0.05416666666666667
