0 0.601429 0.445238 0.454286 0.519048
0 0.266429 0.486905 0.530000 0.526190
0 0.653571 0.202381 0.258571 0.166667
0 0.586429 0.175000 0.221429 0.135714
0 0.889286 0.438095 0.218571 0.542857
3 0.799342 0.629540 0.023325 0.043584
3 0.720694 0.592615 0.021531 0.049637
3 0.757177 0.464891 0.016746 0.029056
3 0.716507 0.450363 0.016746 0.031477
3 0.708732 0.421308 0.011962 0.029056
3 0.680622 0.518160 0.016746 0.036320
3 0.715909 0.496368 0.019139 0.036320
3 0.639653 0.478208 0.019737 0.038741
3 0.613337 0.561138 0.018541 0.035109
3 0.664474 0.576877 0.022727 0.044794
3 0.254187 0.537530 0.023923 0.050847
3 0.045156 0.750605 0.023325 0.046005