0 0.500833 0.509583 0.995000 0.445833
3 0.885000 0.534167 0.040000 0.061667
3 0.782500 0.539583 0.038333 0.057500
3 0.705417 0.474167 0.030833 0.043333
3 0.639167 0.475000 0.036667 0.050000
3 0.634167 0.549583 0.033333 0.042500
3 0.707500 0.552917 0.033333 0.049167
3 0.567500 0.553750 0.033333 0.049167
3 0.509167 0.549583 0.028333 0.045833
3 0.422917 0.573333 0.030833 0.056667
3 0.318333 0.583333 0.038333 0.046667
3 0.297500 0.494583 0.036667 0.049167
3 0.268333 0.562500 0.038333 0.053333
3 0.235000 0.572500 0.041667 0.058333
3 0.185833 0.577083 0.048333 0.060833
3 0.169167 0.598750 0.051667 0.074167
3 0.213333 0.487083 0.033333 0.050833
3 0.169167 0.495833 0.041667 0.055000
3 0.105000 0.487917 0.043333 0.064167
3 0.051667 0.473333 0.035000 0.071667
3 0.020417 0.472083 0.040833 0.090833