0 0.4830645161290323 0.5902578796561605 0.7338709677419355 0.6131805157593123
1 0.2129032258064516 0.7564469914040115 0.04838709677419355 0.10888252148997135
1 0.5830645161290322 0.8051575931232091 0.09193548387096774 0.14326647564469913
2 0.16129032258064516 0.6919770773638968 0.054838709677419356 0.2148997134670487
3 0.5669354838709677 0.6275071633237822 0.024193548387096774 0.05157593123209169
3 0.614516129032258 0.6246418338108882 0.025806451612903226 0.05157593123209169
3 0.09516129032258064 0.6561604584527221 0.016129032258064516 0.022922636103151862
3 0.04758064516129032 0.6547277936962751 0.008064516129032258 0.025787965616045846
3 0.03225806451612903 0.66189111747851 0.012903225806451613 0.034383954154727794
3 0.9483870967741935 0.6833810888252149 0.016129032258064516 0.03151862464183381
3 0.9637096774193549 0.6776504297994269 0.017741935483870968 0.025787965616045846
