0 0.4527777777777778 0.49416666666666664 0.9 0.9833333333333333
1 0.49916666666666665 0.78 0.18055555555555555 0.29833333333333334
2 0.7152777777777778 0.54875 0.135 0.5208333333333334
3 0.86 0.4 0.04888888888888889 0.09666666666666666
3 0.7963888888888889 0.4170833333333333 0.055 0.08916666666666667
3 0.7533333333333333 0.45958333333333334 0.05333333333333334 0.08416666666666667
3 0.6925 0.42333333333333334 0.05388888888888889 0.07666666666666666
3 0.24583333333333332 0.4683333333333333 0.045 0.07666666666666666
3 0.21638888888888888 0.4791666666666667 0.04833333333333333 0.07666666666666666
3 0.03972222222222222 0.405 0.055 0.095
