0 0.5879629629629629 0.5905349794238683 0.7417695473251029 0.8106995884773662
1 0.6039094650205762 0.9022633744855967 0.05761316872427984 0.1831275720164609
1 0.8225308641975309 0.8888888888888888 0.03806584362139918 0.1934156378600823
1 0.8729423868312757 0.8816872427983539 0.050411522633744855 0.17901234567901234
3 0.2890946502057613 0.6131687242798354 0.037037037037037035 0.05761316872427984
3 0.2705761316872428 0.6316872427983539 0.03909465020576132 0.05761316872427984
3 0.20318930041152264 0.668724279835391 0.03189300411522634 0.06584362139917696
3 0.16152263374485595 0.654320987654321 0.03292181069958848 0.06995884773662552
3 0.045781893004115226 0.6553497942386831 0.033950617283950615 0.07613168724279835
3 0.11779835390946503 0.720164609053498 0.03189300411522634 0.07407407407407407
3 0.49948559670781895 0.08127572016460906 0.05864197530864197 0.10082304526748971
