0 0.5875 0.47734375 0.7104166666666667 0.8171875
1 0.5932291666666667 0.766015625 0.07916666666666666 0.20859375
1 0.8390625 0.683203125 0.07604166666666666 0.23671875
3 0.7986979166666667 0.316015625 0.0390625 0.07421875
3 0.8447916666666667 0.30859375 0.03958333333333333 0.0828125
3 0.7669270833333334 0.29765625 0.04114583333333333 0.0828125
3 0.7333333333333333 0.35078125 0.06666666666666667 0.10625
3 0.684375 0.35390625 0.052083333333333336 0.096875
3 0.6421875 0.35390625 0.046875 0.096875
3 0.56796875 0.364453125 0.0578125 0.09921875
3 0.5109375 0.3859375 0.04479166666666667 0.09375
3 0.390625 0.376171875 0.08541666666666667 0.12265625
3 0.31145833333333334 0.209375 0.04479166666666667 0.06875
3 0.27265625 0.19375 0.0328125 0.06875
3 0.25625 0.184765625 0.03125 0.06015625
3 0.23932291666666666 0.217578125 0.0328125 0.06171875
3 0.21927083333333333 0.2015625 0.035416666666666666 0.059375
3 0.10807291666666667 0.189453125 0.033854166666666664 0.05390625
3 0.07291666666666667 0.237890625 0.03854166666666667 0.06171875
3 0.7848958333333333 0.154296875 0.017708333333333333 0.04765625
3 0.8091145833333333 0.155078125 0.025520833333333333 0.04609375
3 0.8463541666666666 0.164453125 0.025 0.05078125
3 0.890625 0.152734375 0.022916666666666665 0.03828125
3 0.93984375 0.189453125 0.025520833333333333 0.05078125
