2 0.507177 0.581114 0.075359 0.469734
1 0.580742 0.755448 0.049043 0.171913
1 0.780203 0.733051 0.032895 0.136804
1 0.826854 0.720944 0.034091 0.139225
3 0.773624 0.340799 0.024522 0.044794
3 0.623206 0.332930 0.033493 0.048426
3 0.575658 0.314165 0.026914 0.049637
3 0.494916 0.283898 0.035287 0.047215
3 0.422249 0.285109 0.026316 0.047215
3 0.319677 0.306901 0.031699 0.047215
3 0.354067 0.303269 0.021531 0.039952
3 0.251794 0.563559 0.020335 0.064165
3 0.166268 0.599274 0.031100 0.046005
3 0.442584 0.575666 0.021531 0.044794
3 0.273923 0.565375 0.020335 0.046005
0 0.557416 0.508475 0.704545 0.690073