1 0.820275 0.803269 0.073565 0.168281
1 0.381579 0.838983 0.089713 0.196126
2 0.517943 0.700363 0.114833 0.364407
2 0.019737 0.704600 0.038278 0.414044
2 0.919557 0.680387 0.090311 0.307506
3 0.817285 0.610169 0.019737 0.046005
3 0.742524 0.598063 0.017344 0.033898
3 0.747010 0.651332 0.017943 0.041162
3 0.716208 0.650726 0.023325 0.042373
3 0.689593 0.661017 0.019139 0.029056
3 0.637261 0.661622 0.019737 0.037530
3 0.617823 0.653753 0.021531 0.033898
3 0.538876 0.590799 0.020335 0.041162
3 0.474282 0.567797 0.021531 0.048426
3 0.398325 0.605327 0.020335 0.043584
3 0.343301 0.622881 0.023923 0.049637
0 0.498505 0.680993 0.997010 0.504843